  20  21  22  25  24  25  26  27  28  29  30  31  32  33  34  35  36  37  38  39  40  41  42  43  44  45  46  87  86  87  88  89  82  81  80  79  80  81   c   c   c   c  86  87  88  91  90  91  92  93  94  95  96  97  98  99 100 101 102 103 104 105 106 107 108 109 110 111 112 113 114 115 116 117 118 119 120 121 122 123 124 125 126 127 128 129 130 131 132 133 134 135 136
  19  20  21  22  23  24  25  26  27  28  29  30  31  32  33  34  35  36  37  38  39  40  41  42  43  44  45  86  85  86  87  88  89  80  79  78  79  80  81  82  83  84  85  86  87  88  89  90  91  92  93  94  95  96  97  98  99 100 101 102 103 104 105 106 107 108 109 110 111 112 113 114 115 116 117 118 119 120 121 122 123 124 125 126 127 128 129 130 131 132 133 134 135
  18  19  20  21  22  23  24  25  26  27  28  29  30  31  32  33  34  35  36  37  38  39  40  41  42  43  86  85  84  85  86  81  80  79  78  77  78  79  80  81  82  83  84  85  86  87  88  89  90  91  92  93  94  95  96  97  98  99 100 101 102 103 104 105 106 107 108 109 110 111 112 113 114 115 116 117 118 119 120 121 122 123 124 125 126 127 128 129 130 131 132 133 134
  17  18  19  20  21  22  23  24  25  26  27  28  29  30  31  32  33  34  35  36  37  38  39  40  41  42  43  84  83  84  81  80  79  78  77  76  77  78  79  80  81  82  83  84  85  86  87  88  89  90  91  92  93  94  95  96  97  98  99 100 101 102 103 104 105 106 107 108 109 110 111 112 113 114 115 116 119 120 121 122 123 124 125 126 127 128 129 130 131 132 133 134 135
  16  17  18  19  20  21  22  23  24  25  26  27  28  29  30  31  32  33  34  35  36  37  38  39  86  43  44  83  82  83  80  79  78  77  76  75  76  77  80  79  80  81  82  83  84  85  86  87  88  89  90  91  92  93  94  95  96  97  98  99 100 101 102 103 104 105 106 107 108 109 110 111 112 113 114 115 118 119 120 121 122 123 124 125 126 127 128 129 130 131 132 133 134
  15  16  17  18  19  20  21  22  23  24  25  26  27  28  29  30  31  34  35  36  37  36  37  86  85  84  83  82  81  80  79  78  77  76  75  74  75  76  79  78  79  80  81  82  83  84  85  86  87  88  89  90  91  92  93  94  95  96  97  98  99 100 101 102 103 104 105 106 107 108 109 110 111 112 113 114 117 118 119 120 121 122 123 124 125 126 127 128 129 130 131 132 133
  14  15  16  17  18  19  20  21  22  23  24  25  26  27  28  29  30  31  32  37  38  35  36  37  86  85  40  81  80  79  78  77  76  75  74  73  74  75  76  77  78  79  80  81  82  83  84  85  86  87  88  89  90  91  92  93  94  95  96  97  98  99 100 101 102 219 220 221 222 109 110 111 112 113 114 115 116 117 118 119 120 121 122 123 124 125 126 127 128 129 130 131 132
  13  14  15  16  17  18  19  20  21  22  23  24  25  26  27  28  29  30  31  38  39  34  35  36  37  38  39  40  79  78  77  76  75  74  73  72  73  74  77  76  77  78  79  80  81  84  83  84  85  86  87  88  89  90  91  92  93  94  95  96  97  98  99 100 217 218 219 220 221 222 223 224 113 114 115 116 117 118 119 120 121 122 123 124 125 126 127 128 129 130 131 132 133
  12  13  14  15  16  17  18  19  20  21  22  23  24  25  26  27  28  29  30  31  32  33  34  35  36  37  38  79  78  77  76  75  74  73  72  71  72  73  74  75  76  77  78  79  84  83  82  83  84  85  86  87  88  89  90  91  92  93  94  95  96  97  98 215 216 217 218 219 220 221 222 223 224 225 116 117 118 119 120 121 122 123 124 125 126 127 128 129 130 131 132 133 134
  11  12  13  14  15  16  17  18  19  20  21  22  23  24  25  26  27  28  29  30  31  32  33  34  35  36  37  78  77  76  75  74  73  72  71  70  71  72  73  74  75  76  77  78  79  80  81  82  83  84  85  86  87  88  89  90  91  92  93  94  95  96 213 214 215 216 309 310 311 312 313 224 225 226 227 228 229 230 231 232 233 234 125 126 127 128 129 130 131 132 133 134 135
  10  11  12  13  14  15  16  17  18  19  20  21  22  23  24  25  26  27  28  29  30  31  32  33  34  35  36  77  76  75  74  73  72  71  70  69  70  71  72  73  74  75  76  77  78  79  80  81  82  83  84  85  86  87  88  89  90  91  92  93  94  95 212 213 214 307 308 309 310 311 312 313 226 227 228 229 230 231 232 233 234 235 236 127 128 129 130 131 132 133 134 135 136
   9  10  11  12  13  14  15  16  17  18  19  20  21  22  23  24  25  26  27  28  29  30  31  32  33  34  35  76  75  74  73  72  71  70  69  68  69  70  71  72  73  74  75  76  77  78  79  80  81  82  83  84  85  86  87  88  89  90  91  92  93  94 211 212 305 306 307 308 309 310 311 312 313 314 229 230 319 320 321 234 235 236 237 238 129 130 131 132 133 134 135 136 137
   8   9  10  11  12  13  14  15  16  17  18  19  20  21  22  23  24  25  26  27  28  29  30  31  32  33  34  35  74  73  72  71  70  69  68  67  68  69  70  71  72  73  74  75  76  77  78  79  80  81  82  83  84  85  86  87  88  89  90  91  92 209 210 211 304 305 306 375 376 377 378 313 314 315 316 317 318 319 320 321 322 237 238 239 130 131 132 133 134 135 136 137 138
   7   8   9  10  11  12  13  14  15  16  17  18  19  20  21  22  23  24  25  26  27  28  29  78  77  76  35  74  73  72  71  70  69  68  67  66  67  68  69  70  71  72  73  74  75  76  77  78  79  80  81  82  83  84  85  86  87  88  89  90  91 208 209 210 303 304 373 374 375 376 377 378 315 316 317 318 319 320 321 322 323 238 239 240 131 132 133 134 135 136 137 138 139
   6   7   8   9  10  11  12  13  14  15  16  17  18  19  20  21  22  23  24  27  26  27  28  77  76  75  74  73  72  71  70  69  68  67  66  65  66  67  68  69  70  71  72  73  74  75  76  77  78  79  80  81  82  85  86  87  86  87  88  89 206 207 208 209 302 303 372 373 374 375 376 377 378 317 382 383 384 385 386 323 324 325 240 241 132 133 134 135 136 135 136 137 138
   5   6   7   8   9  10  11  12  13  14  15  16  17  18  19  20  21  22  23  24  25  80  79  78  77  76  31  32  71  70  69  68  67  66  65  64  65  66  67  68  69  70  71  72  73  74  75  76  77  78  79  80  81  86  87  86  85  86  87  88 205 206 207 300 301 302 371 372 373 416 415 416 379 380 381 382 383 384 385 324 325 326 241 242 133 134 135 136 135 134 135 136 137
   4   5   6   7   8   9  10  11  12  13  14  15  16  17  18  19  20  21  22  23  24  81  80  79  28  29  30  31  32  33  68  67  66  65  64  63  64  65  66  67  68  69  70  71  72  73  74  75  76  77  78  79  80  81  82  83  84  85  86 203 204 205 206 299 300 301 370 371 416 415 414 415 380 381 418 419 420 385 386 325 326 327 242 243 134 135 136 135 134 133 134 135 136
   3   4   5   6   7   8   9  10  11  12  13  14  15  16  17  18  19  20  21  22  83  82  81  26  27  28  29  30  31  32  67  66  65  64  63  62  63  64  65  66  67  68  69  70  71  72  73  74  75  76  77  78  79  80  81  82  83  84 201 202 203 296 297 298 299 300 369 370 415 414 413 414 415 416 417 418 419 386 387 326 327 328 243 244 135 136 137 134 133 132 133 134 135
   2   3   4   5   6   7   8   9  10  11  12  13  14  15  16  17  18  19  20  21  22  23  82  25  26  27  28  29  30  31  66  65  64  63  62  61  62  63  64  65  66  69  70  71  72  71  72  73  74  75  76  77  78  79  80  81  82 201 200 201 296 295 296 297 366 367 368 369 414 413 412 413 414 415 416 417 418 387 388 327 328 245 244 245 136 137 138 133 132 131 132 133 134
   1   2   3   4   5   6   7   8   9  10  11  12  13  14  15  16  17  18  19  20  21  22  23  24  25  26  27  28  29  66  65  64  63  62  61  60  61  62  63  64  65  66  71  72  71  70  71  72  73  74  75  76  77  78  79  80 201 200 199 296 295 294 295 366 365 366 367 412 413 412 411 412 413 414 415 416 389 388 329 328 329 246 245 246 137 138 139 132 131 130 131 132 133
   0   1   2   3   4   5   6   7   8   9  10  11  12  13  14  15  16  17  18  19  20  21  22  23  24  25  26  27  28  65  64  63  62  61  60  59  60  61  62  63  64  65  72  71  70  69  70  71  72  73  74  75  76  77  78  79 200 199 198 295 294 293 366 365 364 413 412 411 412 411 410 411 412 413 414 391 390 389 330 329 330 247 246 247 138 139 140 131 130 129 130 131 132
   1   2   3   4   5   6   7   8   9  10  11  12  13  14  15  16  17  18  19  20  21  22  23  24  25  26  27  28   c  34  35  36  61  60  59  58  59  60  61  62  63  72  71  70  69  68  69  70  71  72  73  74  75  76  77  78 199 198 197 294 293 292 365 364 363 412 411 410 409 408 409 410 411 412 413 414 391 390 391 330 331 248 247 248 139 140 141 130 129 128 129 130 131
   2   3   4   5   6   7   8   9  10  11  12  13  14  15  16  17  18  19  20  21  22  23  24  25  26  27   c   c   c  33  34  35  62  37  58  57  58  59  60  73  72  71  70  69  68  67  68  69  70  71  72  73  74  75  76  77 198 197 196 293 292 291 364 363 362 411 410 409 408 407 408 409 410 411 412 413 414 391 392 393 332 333 248 249 250 141 142 143 128 127 128 129 130
   3   4   5   6   7   8   9  10  11  12  13  14  15  16  17  18  19  20  21  22  23  24  25  26  27  28  29  30  31  32  33  34  35  36  37  56  57  58  59  60  73  62  63  64  67  66  67  68  69  70  71  74  75  76  77  76 197 196 195 292 291 290 363 362 361 360 409 408 407 406 407 408 409 410 411 412 413 392 393 394 333 334 249 250 251 142 143 144 127 126 127 128 129
   4   5   6   7   8   9  10  11  12  13  14  15  16  17  18  19  20  21  22  23  24  25  26  29  28  29  30  31  32  33  34  35  36  37  38  55  56  57  58  59  60  61  62  63  66  65  66  67  68  69  70  75  72  73  74  75 196 195 194 291 290 289 288 361 360 359 358 357 406 405 406 407 398 397 396 395 394 393 394 395 334 335 336 251 252 143 144 145 126 125 126 127 128
   5   6   7   8   9  10  11  12  13  14  15  16  17  18  19  20  23  22  23  24  25  26  27  28  29  30  31   c  33  34  35  36  37  38  53  54  55  56  57  58  59  60  61  62  65  64  65  66  67  68  69  70  71  72  75  74  75 194 193 192 289 288 287 286 285 358 357 356 355 404 403 408 399 398 397 396 395 394 395 336 335 336 337 252 253 144 145 146 125 124 125 126 127
   6   7   8   9  10  11  12  13  14  15  16  17  18  19  20  21  24  23  24  25  26  27  28  29  30  31  32   c   c  35  36  37  38  39  52  53  54  55  56  57  58  59  60  65  64  63  64  65  66  67  68  69  70  75  74  73  74 193 192 191 190 189 286 285 284 283 356 355 354 403 402 401 400 399 342 341 340 339 338 337 336 337 254 253 254 255 146 147 124 123 124 125 126
   7   8   9  10  11  12  13  14  15  16  17  18  19  20  21  22  23  24  25  26  27  28  29  30  31  32  33   c  37  36  37  38  39  40  51  52  53  54  55  56  57  58  59  60  63  62  63  64  65  66  67  68  69  70  73  72  73  74 191 190 189 188 187 284 283 282 281 354 353 404 403 402 401 344 343 342 341 340 339 338 337 338 255 254 255 148 147 148 123 122 123 124 125
   8   9  10  13  12  13  14  15  16  17  18  19  20  21  22  23  24  25  26  27  28  29  30  31  32  33  34  35  44  37  38  47  48  49  50  51  52  53  54  55  56  57  58  59  60  61  62  63  64  65  66  67  68  69  70  71  72  73  74  75 188 187 186 185 282 281 280 353 352 351 404 403 346 345 344 343 342 261 260 259 258 257 256 255 256 149 148 149 122 121 122 123 124
   9  10  11  12  13  14  17  18  17  18  19  20  21  22  23  24  25  26  27  28  29  30  31  32  33  34  35  36  43  44  45  46  47  48  49  50  51  52  53  54  55  56  57  58  59  60  61  62  63  64  65  66  67  68  69  70  71  72  73  74  75 186 185 184 183 280 279 352 351 350 349 348 347 346 265 264 263 262 261 260 259 258 257 256 151 150 149 118 119 120 121 122 123
  10  11  12  13  14  15  16  17  18  19  20  21  22  23  24  25  26  27  28  29  30  31  32  33  34  35  36  37  42  43  44  45  46  47  48  49  50  51  52  53  54  55  56  57  58  59  60  61  62  63  64  65  66  67  68  69  70  71  72  73  74  75 184 183 182 279 278 277 352 351 350 349 348 267 266 265 264 263 262 261 260 259 154 153 152 151 150 117 118 119 120 121 122
  11  12  13  14  15  16  17  18  19  20  21  22  23  24  25  26  27  28  29  30  31  32  33  34  35  36  37  40  41  42  43  44  45  46  47  48  49  50  51  52  53  54  55  56  57  58  59  60  61  62  63  64  65  66  67  68  69  70  71  72  73  74  75 182 181 180 277 276 275 352 351 350 269 268 267 266 265 160 159 158 157 156 155 154 153 152 115 116 117 118 119 120 121
  12  13  14  15  16  17  18  19  20  21  22  23  24  25  26  27  28  29  30  31  32  33  34  35  36  37  38  39  40  41  42  43  44  45  46  47  48  49  50  51  52  53  54  55  56  57  58  59  60  61  62  63  66  67  68  69  70  71  72  73  74  75  76 181 180 179 276 275 274 273 272 271 270 269 268 163 162 161 160 159 158 157 156 155 112 113 114 117 116 117 118 119 120
  13  14  15  16  17  18  19  20  21  22  23  24  25  26  27  28  29  30  33  32  33  34  35  36  37  38  39  40  41  42  43  44  45  46  47  48  49  50  51  52  53  54  55  56  57  58  59  60  61  62  63  64  67  68  69  70  71  72  73  74  75  76  77  78 179 178 177 276 275 274 273 272 271 270 165 164 163 162 161 160 107 108 109 110 111 112 113 114 115 116 117 118 119
  14  15  16  17  18  19  20  21  22  23  24  25  26  27  28  29  30  31  34  33  34  35  36  37  38  39  40  41  42  43  44  45  46  47  48  49  50  53  52  53  54  55  56  57  58  59  60  61  62  63  64  65  68  69  70  71  72  73  74  75  76  77  78  79 178 177 176 175 276 275 274 273 168 167 166 165 164 105 104 105 106 107 108 109 110 111 112 113 114 115 116 117 118
  15  16  17  18  19  20  21  22  23  24  25  26  27  28  29  30  31  32  33  34  35  36  37  38  39  40  41  42  43  44  45  46  47  48  49  50  51  52  53  54  55  56  57  58  59  60  61  62  63  64  65  66  69  70  71  72  73  74  75  76  77  78  79  80  81 176 175 174 173 172 171 170 169 168 167 166 101 102 103 104 105 106 107 108 109 110 111 112 113 114 115 116 117
  16  17  18  19  20  21  22  23  24  25  26  27  28  29  30  31  32  33  34  35  36  37  38  39  40  41  42  43  44  45  46  47  48  49  50  51  52  53  54  55  56  57  58  59  60  61  62  63  64  65  66  67  70  71  72  73  74  75  76  77  78  79  80  81  82  83 176 175 174 173 172 171 170 169  98  99 100 101 102 103 104 105 106 107 108 109 110 111 112 113 114 115 116
  17  18  19  20  21  22  23  24  25  26  27  28  29  30  31  32  33  34  35  36  37  38  39  40  41  42  43  44  45  46  47  48  49  50   c  52  53  54  55  56  57  58  59  60  61  62  63  64  65  66  69  70  71  72  73  74  75  76  77  78  79  80  81  82  83  84  85  86 175 174 173 172  95  96  97  98  99 100 101 102 103 104 105 106 107 108 109 110 111 112 113 116 115
  18  19  20  21  22  23  24  25  26  27  28   c  30   c  32  33  34  41  40  39  38  39  40  41  42  43  44  45  46  47  48  49  50  51  52  53  54  55  56  57  58  59  60  61  62  63  64  65  66  67  68  69  70  71  72  73  74  75  78  79  80  81  82  83  84  85  86  87  88  89  90  91  94  95  96  97  98  99 100 101 102 103 104 105 106 107 108 109 110 111 112 113 114
  19  20  21  22  23  24  25  26  27  28  29   c   c   c  33  34  35  42  41  40  39  40  41  42  43  44  45  46  47  48  49  50  51  52  53  54  55  56  57  58  59  60  61  62  63  64  65  66  67  68  69  70  71  72  73  74  75  76  79  80  81  82  83  84  85  86  87  88  89  90  91  92  93  94  95  96  97  98  99 100 101 102 103 104 105 106 107 108 109 110 111 112 113
  20  21  22  23  24  25  26  27  28   c   c   c   c   c  34  35  44  43  42  41  40  41  42  43  44  45  46  47  48  49  50  51  52  53  54  55  56  57  58  59  66  65  64  63  64  65  66  67  68  69  70  71  72  73  74  75  76  77  78  79  80  81  82  83  84  85  86  87  88  89  90  91  92  93  94  95  96  97  98  99 100 101 102 103 104 105 106 107 108 109 110 111 112